1.000000000000000000e+00
1.000000000000000000e+00
1.000000000000000000e+01
1.000000000000000000e+01
5.000000000000000000e+00
5.000000000000000000e+00
1.000000000000000000e+01
1.000000000000000000e+01
1.000000000000000000e+00
1.000000000000000000e+00
1.000000000000000000e+01
1.000000000000000000e+01
5.000000000000000000e+00
5.000000000000000000e+00
1.000000000000000000e+01
1.000000000000000000e+01
9.987492255746373004e-01
9.987492255746373004e-01
9.950371902099892196e+00
9.950371902099892196e+00
5.000000000000000000e+00
5.000000000000000000e+00
1.000000000000000000e+01
1.000000000000000000e+01
9.987492255746373004e-01
9.987492255746373004e-01
9.950371902099892196e+00
9.950371902099892196e+00
5.000000000000000000e+00
5.000000000000000000e+00
1.000000000000000000e+01
1.000000000000000000e+01
